0 0.29363541666666665 0.2548888888888889 0.01009375 0.015499999999999998
0 0.31302083333333336 0.31892592592592595 0.00940625 0.016314814814814817
0 0.36096874999999995 0.3111759259259259 0.008489583333333333 0.015499999999999998
0 0.3678489583333333 0.255712962962963 0.00940625 0.01875925925925926
1 0.510234375 0.45291666666666663 0.051770833333333335 0.09392592592592593
1 0.5432135416666667 0.6051481481481481 0.051057291666666664 0.09329629629629631
1 0.523 0.7450833333333334 0.05247916666666667 0.09455555555555556
1 0.619625 0.724287037037037 0.05354166666666667 0.09833333333333334
1 0.6799010416666668 0.7091574074074074 0.05141145833333333 0.09581481481481482
1 0.6295520833333333 0.549675925925926 0.05283333333333333 0.09455555555555556
1 0.7559583333333334 0.5937962962962963 0.053187500000000006 0.09455555555555556
1 0.7640989583333333 0.49098148148148146 0.05358854166666667 0.09424074074074074
1 0.7633020833333333 0.39340740740740743 0.05279166666666667 0.09244444444444445
1 0.7633020833333333 0.29355555555555557 0.05239583333333333 0.09314814814814815