0 0.32034375 0.6833333333333333 0.009036458333333334 0.016064814814814816
0 0.209828125 0.6278518518518519 0.009583333333333333 0.01551851851851852
0 0.227875 0.2975833333333333 0.008463541666666666 0.014638888888888889
0 0.2728072916666667 0.20041666666666666 0.0100625 0.016259259259259258
1 0.6674166666666667 0.7897592592592593 0.052958333333333336 0.09575925925925927
1 0.7857395833333333 0.7534444444444445 0.0535625 0.09737037037037037
1 0.7647083333333333 0.5046296296296297 0.052656249999999995 0.09575925925925927
1 0.650015625 0.5363703703703704 0.053864583333333334 0.09468518518518519
1 0.5556041666666667 0.26764814814814814 0.05144270833333333 0.0898425925925926
1 0.6388229166666667 0.41478703703703707 0.05205208333333333 0.0914537037037037
1 0.715078125 0.3061111111111111 0.05144270833333333 0.0914537037037037
1 0.7441302083333333 0.12427777777777778 0.05083854166666667 0.0882314814814815
1 0.8138854166666667 0.2512407407407407 0.0535625 0.09468518518518519