0 0.38158333333333333 0.6457314814814815 0.009536458333333333 0.018203703703703705
0 0.6625208333333333 0.7003518518518519 0.011302083333333332 0.016953703703703703
0 0.4520416666666666 0.34625 0.009890624999999998 0.018203703703703705
1 0.61903125 0.5346666666666667 0.05433854166666666 0.09503703703703703
1 0.5817864583333333 0.46040740740740743 0.05229166666666667 0.094
1 0.5470208333333333 0.38587962962962963 0.05229166666666667 0.09140740740740741
1 0.5029114583333334 0.3303055555555556 0.05229166666666667 0.09451851851851852
1 0.5483333333333333 0.27213888888888893 0.051416666666666666 0.09140740740740741
1 0.5931770833333334 0.32666666666666666 0.05229166666666667 0.09244444444444445
1 0.6418177083333333 0.37704629629629627 0.05258333333333333 0.09244444444444445
1 0.686953125 0.4300185185185185 0.051708333333333335 0.09348148148148147