0 0.20921874999999998 0.6494629629629629 0.01009375 0.01753703703703704
0 0.247296875 0.7228796296296297 0.011010416666666667 0.018351851851851852
0 0.26415625 0.6476296296296297 0.009864583333333335 0.01875925925925926
0 0.35546354166666666 0.58075 0.01078125 0.01875925925925926
1 0.5257135416666666 0.7617314814814814 0.054593749999999996 0.09705555555555555
1 0.5869583333333334 0.7387962962962963 0.05378125 0.09850925925925925
1 0.6491614583333334 0.7764537037037037 0.055953125000000006 0.09850925925925925
1 0.71978125 0.7600370370370371 0.05541145833333334 0.09850925925925925
1 0.7861927083333333 0.7547314814814815 0.054593749999999996 0.09657407407407408
1 0.5885885416666666 0.12626851851851853 0.05215104166666666 0.09125925925925926
1 0.644953125 0.11275 0.052421875 0.09125925925925926
1 0.7047083333333333 0.11685185185185186 0.052421875 0.09077777777777778
1 0.7705729166666667 0.09609259259259259 0.05215104166666666 0.09175