0 0.4611354166666667 0.6779351851851851 0.009552083333333333 0.016824074074074075
0 0.7037552083333334 0.6328703703703704 0.009447916666666667 0.019
0 0.7026875 0.5396851851851852 0.008916666666666666 0.01715740740740741
0 0.6891145833333333 0.44 0.010510416666666666 0.017925925925925925
0 0.3203020833333333 0.1803425925925926 0.011005208333333332 0.018129629629629627
0 0.37491145833333334 0.2652685185185185 0.011807291666666667 0.020037037037037037
0 0.406578125 0.16817592592592592 0.011270833333333334 0.017657407407407406
0 0.42858854166666666 0.2607407407407408 0.011270833333333334 0.018611111111111113
0 0.4538125 0.12094444444444445 0.012343749999999999 0.018611111111111113
1 0.23791145833333335 0.1739074074074074 0.04857291666666667 0.09017592592592592
1 0.31251562499999996 0.16101851851851853 0.049651041666666666 0.08922222222222222
1 0.3606875 0.24332407407407408 0.050453125 0.09160185185185186
1 0.41718229166666665 0.2452314814814815 0.049651041666666666 0.09064814814814816
1 0.47930729166666663 0.2106388888888889 0.05152604166666667 0.09017592592592592
1 0.4009427083333333 0.13955555555555554 0.05098958333333334 0.09017592592592592
1 0.4554270833333333 0.09928703703703703 0.050583333333333334 0.08617592592592592
1 0.7004374999999999 0.4368148148148148 0.05359375 0.09527777777777778
1 0.7125833333333333 0.533787037037037 0.05359375 0.09443518518518518
1 0.7199687499999999 0.6390185185185185 0.054546875 0.09570370370370371