0 0.219703125 0.2822222222222222 0.009510416666666667 0.015092592592592593
0 0.2640208333333333 0.6473796296296296 0.009166666666666667 0.016157407407407405
0 0.34093229166666666 0.31739814814814815 0.009510416666666667 0.01690740740740741
0 0.37234375 0.32312962962962966 0.008489583333333333 0.0162962962962963
1 0.5514322916666666 0.5631759259259259 0.05231770833333334 0.09394444444444444
1 0.7625364583333333 0.6236296296296296 0.053885416666666665 0.0957962962962963
1 0.78634375 0.7538518518518518 0.05336458333333333 0.0957962962962963
1 0.6178802083333333 0.4538888888888889 0.051270833333333335 0.08928703703703704
1 0.6406354166666667 0.2967037037037037 0.051796875 0.08928703703703704
1 0.7117916666666667 0.3985462962962963 0.050749999999999997 0.09208333333333334
1 0.8253177083333333 0.4413333333333333 0.052843749999999995 0.09208333333333334
1 0.7413489583333334 0.1176574074074074 0.05231770833333334 0.09022222222222222
1 0.8122395833333333 0.25019444444444444 0.052843749999999995 0.09487037037037037