0 0.21008333333333334 0.6498611111111111 0.011458333333333333 0.017657407407407406
0 0.247328125 0.7225277777777778 0.011078125 0.01900925925925926
0 0.264515625 0.6474907407407408 0.0103125 0.019694444444444445
0 0.35504687500000004 0.5812777777777778 0.009546875 0.017657407407407406
1 0.5252760416666666 0.7615462962962963 0.05390625 0.09656481481481483
1 0.5865885416666666 0.7381296296296296 0.05390625 0.09802777777777778
1 0.6871979166666667 0.6371759259259259 0.05431770833333334 0.09656481481481483
1 0.7985104166666667 0.5285462962962963 0.05390625 0.09437037037037037
1 0.735046875 0.47126851851851853 0.052708333333333336 0.09301851851851851
1 0.66040625 0.3843981481481481 0.0519375 0.09301851851851851
1 0.730625 0.31975925925925924 0.05309375 0.09233333333333334
1 0.8046875 0.3878148148148148 0.051171875 0.0916574074074074
1 0.8037239583333334 0.22502777777777777 0.051557291666666664 0.09028703703703704