0 0.25795833333333335 0.27612037037037035 0.009963541666666666 0.016638888888888887
0 0.29116145833333335 0.26512037037037034 0.010567708333333333 0.018250000000000002
0 0.34610416666666666 0.267537037037037 0.009963541666666666 0.018787037037037036
1 0.39116666666666666 0.18667592592592594 0.05186458333333333 0.0889537037037037
1 0.395546875 0.28212037037037035 0.05040104166666667 0.0889537037037037
1 0.4527083333333334 0.2061574074074074 0.05003645833333333 0.0889537037037037
1 0.5584427083333333 0.23017592592592592 0.05113020833333334 0.0876574074074074
1 0.5283125 0.3762685185185185 0.0515 0.09025
1 0.524109375 0.48730555555555555 0.05113020833333334 0.0889537037037037
1 0.7632864583333333 0.2941759259259259 0.05452083333333334 0.09465740740740741
1 0.7627760416666667 0.3922314814814815 0.05298958333333333 0.09420370370370369
1 0.7631614583333334 0.49074074074074076 0.05273958333333333 0.09285185185185185
1 0.7557708333333333 0.5894814814814815 0.05477604166666667 0.09647222222222222