0 0.15667708333333333 0.28014814814814815 0.009057291666666667 0.016101851851851853
0 0.226109375 0.5965185185185186 0.009057291666666667 0.014490740740740742
0 0.24150520833333333 0.6126111111111111 0.010265625 0.014490740740740742
0 0.33825520833333333 0.6042962962962963 0.008755208333333332 0.017175925925925928
1 0.46027083333333335 0.6746203703703704 0.051921875 0.09489814814814815
1 0.3868854166666667 0.30580555555555555 0.05032291666666667 0.08812962962962964
1 0.38364583333333335 0.20173148148148148 0.05082291666666667 0.08990740740740741
1 0.43882812499999996 0.26086111111111115 0.05057291666666666 0.09035185185185185
1 0.5580572916666667 0.26481481481481484 0.05117708333333334 0.09214814814814815
1 0.626 0.13395370370370369 0.052484375 0.0905925925925926
1 0.7631197916666667 0.29391666666666666 0.052098958333333334 0.09187962962962963
1 0.7627083333333334 0.39299074074074075 0.052515624999999996 0.09151851851851853
1 0.7632239583333333 0.49077777777777776 0.05355208333333333 0.09225
1 0.7554427083333334 0.5948425925925925 0.05458854166666667 0.09667592592592593