1 0.7209062500000001 0.6395925925925926 0.05304166666666667 0.09591666666666666
1 0.6593802083333333 0.5862499999999999 0.05304166666666667 0.09375925925925926
1 0.7122708333333333 0.5339814814814815 0.05334375 0.09375925925925926
1 0.7001458333333334 0.43753703703703706 0.05334375 0.09375925925925926
1 0.69575 0.33892592592592596 0.05364583333333333 0.09267592592592593
1 0.23835937499999998 0.17300925925925925 0.047953125 0.08775925925925926
1 0.31240104166666666 0.16015740740740741 0.04936458333333334 0.08838888888888888
1 0.3610625 0.2441574074074074 0.05077604166666667 0.08963888888888889
1 0.40072916666666664 0.13947222222222222 0.050421875 0.08963888888888889
1 0.455203125 0.09998148148148149 0.04936458333333334 0.08587962962962963
0 0.46053645833333334 0.6777500000000001 0.010171875 0.013833333333333333
0 0.7035364583333333 0.633 0.010416666666666666 0.01751851851851852
0 0.6527083333333333 0.573925925925926 0.008447916666666666 0.01651851851851852
0 0.7038177083333333 0.5396388888888889 0.008166666666666666 0.015018518518518518
0 0.68846875 0.43951851851851853 0.009572916666666665 0.017018518518518516
0 0.6907239583333333 0.3581759259259259 0.009572916666666665 0.014518518518518517
0 0.3208020833333334 0.17891666666666667 0.011463541666666667 0.01888888888888889
0 0.37321875000000004 0.2631666666666667 0.009505208333333333 0.014416666666666666
0 0.40564583333333337 0.16873148148148148 0.010624999999999999 0.015407407407407408
0 0.45527083333333335 0.12101851851851851 0.01034375 0.01739814814814815