1 0.40082812500000004 0.13941666666666666 0.050046875000000005 0.09136111111111112
1 0.5954583333333333 0.4324074074074074 0.05329166666666666 0.09372222222222222
1 0.6007291666666668 0.5337314814814814 0.05414583333333333 0.09575
1 0.6507395833333334 0.4856018518518519 0.05329166666666666 0.09271296296296296
1 0.6468958333333333 0.38731481481481483 0.05414583333333333 0.09372222222222222
1 0.6959114583333333 0.33791666666666664 0.05300520833333333 0.09119444444444444
1 0.7004687500000001 0.43569444444444444 0.052437500000000005 0.09119444444444444
1 0.7125833333333333 0.5342314814814815 0.051578125 0.09271296296296296
1 0.6591510416666666 0.5876851851851852 0.05300520833333333 0.09017592592592592
1 0.7197083333333333 0.6378425925925926 0.05271875 0.09524074074074074
0 0.5994479166666667 0.42987037037037035 0.010541666666666666 0.02076851851851852
0 0.5968802083333333 0.5342314814814815 0.008833333333333334 0.01773148148148148
0 0.6530208333333333 0.5745092592592593 0.009973958333333333 0.01925
0 0.70375 0.6332777777777778 0.008833333333333334 0.01824074074074074
0 0.7031770833333333 0.5392962962962964 0.010541666666666666 0.01874074074074074
0 0.6423333333333333 0.4795185185185185 0.0096875 0.019759259259259258
0 0.6896406249999999 0.4395 0.010260416666666666 0.01773148148148148
0 0.6910677083333333 0.3569166666666667 0.009119791666666667 0.013675925925925925
0 0.6302239583333333 0.40023148148148147 0.009973958333333333 0.017222222222222222
0 0.3266875 0.5649629629629629 0.009322916666666665 0.016074074074074074
0 0.4059270833333333 0.1687962962962963 0.010223958333333333 0.018694444444444444