0 0.27053125 0.6096944444444444 0.008125 0.016
0 0.442515625 0.32975 0.009578125 0.016509259259259258
0 0.5399010416666666 0.24227777777777781 0.008125 0.013935185185185186
0 0.587359375 0.4474814814814815 0.010692708333333334 0.018574074074074073
0 0.5953177083333333 0.4328888888888889 0.009697916666666667 0.016805555555555553
1 0.5494270833333333 0.47776851851851854 0.05222916666666667 0.09152777777777778
1 0.6011614583333333 0.5345833333333333 0.053723958333333335 0.09462962962962963
1 0.5978020833333333 0.4315648148148148 0.05397395833333333 0.09462962962962963
1 0.6468020833333333 0.38866666666666666 0.053473958333333335 0.09374074074074074
1 0.6951770833333334 0.33870370370370373 0.05322916666666667 0.09462962962962963
1 0.7005260416666667 0.43598148148148147 0.05297916666666667 0.09197222222222222
1 0.6501614583333333 0.4857314814814815 0.05322916666666667 0.09418518518518518
1 0.6588645833333333 0.586324074074074 0.053723958333333335 0.09550925925925927
1 0.7195520833333333 0.6387222222222223 0.053723958333333335 0.09683333333333333
1 0.71221875 0.5339259259259259 0.05397395833333333 0.0959537037037037