1 0.7854583333333333 0.7536666666666667 0.05366666666666667 0.0948888888888889
1 0.7622708333333333 0.6237777777777778 0.05395833333333333 0.09540740740740741
1 0.5513958333333334 0.5623333333333334 0.05220833333333333 0.09074074074074075
1 0.6176041666666666 0.45422222222222225 0.05279166666666667 0.0922962962962963
1 0.6403541666666667 0.29633333333333334 0.051625000000000004 0.09177777777777778
1 0.7110833333333333 0.3982222222222222 0.0525 0.0922962962962963
1 0.8241041666666666 0.4415185185185185 0.05395833333333333 0.09385185185185185
1 0.8125833333333333 0.250962962962963 0.0525 0.09125925925925926
1 0.7405416666666667 0.11718518518518518 0.051333333333333335 0.09022222222222222
0 0.264078125 0.6474722222222222 0.008364583333333333 0.016796296296296295
0 0.21981770833333333 0.28259259259259256 0.011067708333333334 0.019194444444444445
0 0.34153645833333335 0.31858333333333333 0.008906250000000001 0.018231481481481484
0 0.37230208333333337 0.3243333333333333 0.008364583333333333 0.017268518518518516