0 0.3814895833333333 0.6450462962962963 0.008317708333333333 0.015268518518518516
0 0.45233854166666665 0.3444722222222222 0.008854166666666666 0.014314814814814815
0 0.6625260416666666 0.7001851851851852 0.008953125000000001 0.014537037037037036
1 0.29965625 0.745 0.051369791666666664 0.09457407407407407
1 0.414609375 0.785787037037037 0.053421874999999994 0.09660185185185186
1 0.41860416666666667 0.49761111111111106 0.05072395833333333 0.09262037037037037
1 0.33283854166666665 0.22089814814814815 0.05134895833333333 0.09003703703703703
1 0.196625 0.27213888888888893 0.05126041666666667 0.06442592592592593
1 0.6102500000000001 0.17599074074074073 0.051666666666666666 0.09108333333333334
1 0.7003125 0.32787037037037037 0.052510416666666664 0.09259259259259259
1 0.6382656250000001 0.48333333333333334 0.052723958333333334 0.09335185185185184