1 0.5463541666666667 0.5564814814814815 0.5567708333333333 0.5638888888888889 0.5645833333333333 0.5768518518518518 0.5692708333333333 0.5944444444444444 0.5692708333333333 0.612037037037037 0.5666666666666667 0.6296296296296297 0.5604166666666667 0.6425925925925926 0.5520833333333334 0.6509259259259259 0.54375 0.6537037037037037 0.5322916666666667 0.65 0.5244791666666667 0.6407407407407407 0.5171875 0.6222222222222222 0.515625 0.6 0.51875 0.5805555555555556 0.5255208333333333 0.5666666666666667 0.5364583333333334 0.5574074074074075 0.5458333333333333 0.5564814814814815
1 0.6244791666666667 0.675 0.6338541666666667 0.6814814814814815 0.6432291666666666 0.6990740740740741 0.646875 0.7157407407407408 0.646875 0.7314814814814815 0.64375 0.7481481481481481 0.6375 0.7620370370370371 0.6302083333333334 0.7694444444444445 0.6203125 0.7731481481481481 0.6088541666666667 0.7694444444444445 0.596875 0.7537037037037037 0.5916666666666667 0.7305555555555555 0.5916666666666667 0.7138888888888889 0.5947916666666667 0.6990740740740741 0.6052083333333333 0.6805555555555556 0.6140625 0.675 0.6239583333333333 0.675
1 0.5239583333333333 0.6953703703703704 0.5322916666666667 0.6990740740740741 0.5390625 0.7064814814814815 0.5463541666666667 0.7203703703703703 0.55 0.7379629629629629 0.5494791666666666 0.7555555555555555 0.5463541666666667 0.7712962962962963 0.5395833333333333 0.7833333333333333 0.5296875 0.7898148148148149 0.5171875 0.7898148148148149 0.50625 0.7824074074074074 0.49947916666666664 0.7712962962962963 0.49583333333333335 0.7527777777777778 0.49635416666666665 0.7314814814814815 0.5015625 0.7129629629629629 0.5125 0.6990740740740741 0.5234375 0.6953703703703704
1 0.7118541666666667 0.34212037037037035 0.05386979166666667 0.09476851851851852
1 0.7633489583333334 0.2939907407407407 0.05358854166666667 0.09377777777777778
1 0.7636302083333334 0.39323148148148146 0.053031249999999995 0.09080555555555556
1 0.7124166666666666 0.44160185185185186 0.05219270833333333 0.09129629629629629
1 0.7637708333333334 0.4904814814814815 0.053307291666666666 0.09476851851851852
1 0.707390625 0.5403425925925927 0.05219270833333333 0.09228703703703704
1 0.7553958333333333 0.5959166666666667 0.05386979166666667 0.09526851851851852
0 0.226453125 0.5960925925925926 0.009520833333333334 0.016537037037037038
0 0.24117708333333335 0.61125 0.009302083333333332 0.014564814814814815
0 0.33773958333333337 0.6043611111111111 0.009744791666666667 0.017324074074074075
0 0.156796875 0.2805277777777778 0.010187499999999999 0.01613888888888889