1 0.7625989583333334 0.29330555555555554 0.052744791666666666 0.09098148148148148
1 0.7629114583333333 0.3909814814814815 0.05211458333333333 0.09321296296296297
1 0.7084375 0.321212962962963 0.0536875 0.09098148148148148
1 0.6591458333333333 0.36809259259259264 0.05180208333333333 0.09098148148148148
1 0.708125 0.41832407407407407 0.0543125 0.09321296296296297
1 0.6079739583333333 0.42362962962962963 0.053057291666666666 0.09264814814814815
1 0.6588333333333334 0.4666111111111111 0.0543125 0.09264814814814815
1 0.7082812500000001 0.5176759259259259 0.05211458333333333 0.09432407407407407
1 0.7632239583333333 0.4906111111111111 0.05148958333333333 0.09153703703703704
1 0.7552187499999999 0.5896944444444444 0.0536875 0.09437037037037037
0 0.34528125000000004 0.267 0.009937499999999998 0.017333333333333333
0 0.2915625 0.2648333333333333 0.010875 0.017666666666666664
0 0.25734375000000004 0.2743333333333333 0.0103125 0.017333333333333333