0 0.460390625 0.6777222222222222 0.01046875 0.017657407407407406
0 0.703921875 0.6340277777777777 0.010020833333333333 0.019166666666666665
0 0.6531354166666666 0.5741018518518518 0.010145833333333333 0.01677777777777778
0 0.7034270833333333 0.5399166666666667 0.00903125 0.018333333333333333
0 0.6428020833333333 0.4806574074074074 0.009526041666666667 0.01990740740740741
0 0.6891979166666666 0.43975000000000003 0.010270833333333333 0.019935185185185188
0 0.6301822916666667 0.40116666666666667 0.011010416666666667 0.017981481481481484
0 0.6910572916666666 0.35927777777777775 0.009526041666666667 0.017342592592592593
0 0.31991145833333334 0.18326851851851853 0.013208333333333332 0.020425925925925924
0 0.4053645833333333 0.16769444444444445 0.011401041666666667 0.018944444444444444
1 0.23866666666666667 0.17454629629629628 0.04752083333333333 0.0885
1 0.3123333333333333 0.16096296296296297 0.051354166666666666 0.09027777777777778
1 0.400625 0.1385648148148148 0.051145833333333335 0.09084259259259259
1 0.695609375 0.33798148148148144 0.053197916666666664 0.09467592592592593
1 0.6473645833333334 0.3876851851851852 0.05277604166666667 0.09408333333333334
1 0.7006145833333334 0.4372962962962963 0.053723958333333335 0.09442592592592593
1 0.6508854166666667 0.48640740740740745 0.05440104166666667 0.09478703703703704
1 0.7124895833333333 0.5343796296296296 0.05481770833333333 0.09605555555555555
1 0.6596562499999999 0.5868981481481482 0.05440104166666667 0.09639814814814815
1 0.7200624999999999 0.6393240740740741 0.05555208333333333 0.09766666666666667