0 0.270625 0.6085555555555555 0.008973958333333334 0.014861111111111111
0 0.5391354166666668 0.24322222222222223 0.010072916666666666 0.01591666666666667
0 0.44456770833333337 0.3242962962962963 0.009510416666666667 0.01591666666666667
1 0.7229166666666667 0.5879629629629629 0.7276041666666667 0.5925925925925926 0.7354166666666667 0.6083333333333333 0.7390625 0.625 0.7390625 0.6407407407407407 0.7354166666666667 0.6583333333333333 0.7307291666666667 0.6685185185185185 0.7213541666666666 0.6787037037037037 0.7145833333333333 0.6805555555555556 0.7036458333333333 0.6787037037037037 0.690625 0.6648148148148149 0.6828125 0.6416666666666667 0.68125 0.6175925925925926 0.6822916666666666 0.6074074074074074 0.6854166666666667 0.6064814814814815 0.696875 0.5898148148148148 0.7088541666666667 0.5833333333333334 0.7223958333333333 0.5879629629629629
1 0.6598958333333333 0.5361111111111111 0.671875 0.5462962962962963 0.6791666666666667 0.562037037037037 0.6807291666666667 0.5925925925925926 0.6776041666666667 0.6055555555555555 0.66875 0.6203703703703703 0.6541666666666667 0.6287037037037037 0.6395833333333333 0.6212962962962963 0.6317708333333333 0.6083333333333333 0.6276041666666666 0.5935185185185186 0.6270833333333333 0.5731481481481482 0.6291666666666667 0.5583333333333333 0.6390625 0.5416666666666666 0.6473958333333333 0.5361111111111111 0.659375 0.5361111111111111
1 0.5536458333333333 0.43148148148148147 0.5609375 0.43796296296296294 0.5682291666666667 0.45 0.5723958333333333 0.4648148148148148 0.5734375 0.47685185185185186 0.571875 0.4935185185185185 0.5682291666666667 0.5064814814814815 0.5588541666666667 0.5194444444444445 0.55 0.524074074074074 0.5385416666666667 0.5222222222222223 0.5276041666666667 0.5101851851851852 0.521875 0.4935185185185185 0.5208333333333334 0.46944444444444444 0.5255208333333333 0.44814814814814813 0.5333333333333333 0.4361111111111111 0.5416666666666666 0.4305555555555556 0.553125 0.43148148148148147
1 0.703125 0.28703703703703703 0.7125 0.2962962962962963 0.7203125 0.31296296296296294 0.721875 0.3416666666666667 0.7197916666666667 0.3537037037037037 0.7135416666666666 0.3675925925925926 0.70625 0.37592592592592594 0.6963541666666667 0.37962962962962965 0.6786458333333333 0.375 0.6682291666666667 0.3490740740740741 0.6666666666666666 0.3333333333333333 0.6703125 0.3101851851851852 0.6796875 0.29259259259259257 0.6916666666666667 0.2851851851851852 0.7026041666666667 0.28703703703703703
1 0.6583333333333333 0.4398148148148148 0.6645833333333333 0.4462962962962963 0.6723958333333333 0.46296296296296297 0.675 0.48703703703703705 0.6692708333333334 0.512962962962963 0.6619791666666667 0.524074074074074 0.6541666666666667 0.5296296296296297 0.640625 0.5287037037037037 0.6296875 0.5185185185185185 0.6229166666666667 0.5027777777777778 0.6213541666666667 0.4759259259259259 0.6260416666666667 0.4546296296296296 0.6333333333333333 0.4444444444444444 0.6432291666666666 0.43703703703703706 0.6541666666666667 0.43703703703703706 0.6578125 0.4398148148148148
1 0.60625 0.48703703703703705 0.6140625 0.4935185185185185 0.6208333333333333 0.5046296296296297 0.6239583333333333 0.5157407407407407 0.625 0.5333333333333333 0.6229166666666667 0.5509259259259259 0.6182291666666667 0.5638888888888889 0.6078125 0.575 0.6005208333333333 0.5777777777777777 0.5890625 0.575 0.5776041666666667 0.5611111111111111 0.5734375 0.5462962962962963 0.5723958333333333 0.524074074074074 0.5765625 0.5064814814814815 0.5838541666666667 0.4935185185185185 0.5942708333333333 0.4861111111111111 0.6057291666666667 0.48703703703703705
1 0.6067708333333334 0.38981481481481484 0.6125 0.3962962962962963 0.6192708333333333 0.41203703703703703 0.6213541666666667 0.42314814814814816 0.6213541666666667 0.44074074074074077 0.6177083333333333 0.45740740740740743 0.6125 0.4675925925925926 0.5989583333333334 0.47962962962962963 0.5869791666666667 0.4777777777777778 0.5760416666666667 0.46574074074074073 0.5697916666666667 0.44907407407407407 0.56875 0.42407407407407405 0.5739583333333333 0.4027777777777778 0.5807291666666666 0.3925925925925926 0.5911458333333334 0.3861111111111111 0.6 0.3861111111111111 0.60625 0.38981481481481484
1 0.6515625 0.3388888888888889 0.6604166666666667 0.3425925925925926 0.6666666666666666 0.35185185185185186 0.6729166666666667 0.3675925925925926 0.6755208333333333 0.3907407407407407 0.671875 0.40925925925925927 0.665625 0.4222222222222222 0.659375 0.4287037037037037 0.65 0.4324074074074074 0.6385416666666667 0.42962962962962964 0.6255208333333333 0.4148148148148148 0.6208333333333333 0.39537037037037037 0.6208333333333333 0.3768518518518518 0.6229166666666667 0.3648148148148148 0.6328125 0.34629629629629627 0.6401041666666667 0.3398148148148148 0.6510416666666666 0.3388888888888889
1 0.7046875 0.3888888888888889 0.7213541666666666 0.40185185185185185 0.7276041666666667 0.4203703703703704 0.7270833333333333 0.44537037037037036 0.7244791666666667 0.45925925925925926 0.71875 0.47129629629629627 0.7078125 0.4824074074074074 0.6963541666666667 0.48055555555555557 0.6817708333333333 0.4703703703703704 0.6776041666666667 0.46296296296296297 0.6744791666666666 0.45 0.6744791666666666 0.4212962962962963 0.6802083333333333 0.4009259259259259 0.6833333333333333 0.39537037037037037 0.6953125 0.387037037037037 0.7041666666666667 0.3888888888888889
1 0.7127395833333333 0.5329166666666666 0.05313020833333334 0.09337962962962962