0 0.25750520833333335 0.27447222222222223 0.010322916666666666 0.01712962962962963
0 0.29122916666666665 0.2644814814814815 0.009864583333333335 0.019166666666666665
0 0.345828125 0.2677407407407408 0.00940625 0.018351851851851852
1 0.39115104166666664 0.1870185185185185 0.05053645833333333 0.09167592592592592
1 0.39540624999999996 0.28122222222222226 0.0513125 0.0921388888888889
1 0.45264583333333336 0.2058148148148148 0.0513125 0.09167592592592592
1 0.7632708333333333 0.29426851851851854 0.05504166666666667 0.09574074074074075
1 0.7096145833333334 0.32066666666666666 0.05464583333333333 0.09503703703703703
1 0.7644635416666666 0.39317592592592593 0.05425 0.09503703703703703
1 0.70921875 0.4188703703703704 0.05464583333333333 0.09574074074074075
1 0.7639739583333333 0.490962962962963 0.055187499999999994 0.09537962962962963
1 0.7083072916666667 0.5179074074074075 0.05413020833333334 0.09666666666666668
1 0.755796875 0.5890092592592593 0.05582291666666667 0.09709259259259259