0 0.15727604166666667 0.28057407407407403 0.009265625 0.016074074074074074
0 0.225984375 0.5962500000000001 0.009927083333333333 0.017648148148148145
0 0.24142708333333335 0.6115462962962963 0.009927083333333333 0.016074074074074074
0 0.33815104166666665 0.6033148148148149 0.009703125 0.016074074074074074
1 0.6094375 0.4434074074074074 0.05354166666666667 0.09564814814814815
1 0.6581458333333334 0.3874537037037037 0.05171354166666667 0.09332407407407407
1 0.6589270833333334 0.48821296296296296 0.05171354166666667 0.09425
1 0.7125989583333333 0.34312037037037035 0.0540625 0.09564814814814815
1 0.7639166666666667 0.2934351851851852 0.053802083333333334 0.09286111111111112
1 0.7637864583333334 0.3914074074074074 0.0540625 0.09286111111111112
1 0.712078125 0.4408518518518519 0.05354166666666667 0.09518518518518518
1 0.76365625 0.491 0.05484375 0.0961111111111111
1 0.7082916666666667 0.5411388888888888 0.053802083333333334 0.0961111111111111
1 0.7554322916666667 0.5970925925925926 0.05458333333333333 0.09657407407407408